-1.671389,5.337566,1
7.248220,-0.635915,2
-7.066412,4.636651,3
-2.099615,10.230272,4
-2.059301,9.426858,4
7.166797,0.019119,2
6.675736,0.025591,2
-6.281175,5.021626,3
0.371931,8.118241,5
-2.814150,9.208973,4
-0.954718,4.283611,1
0.654934,9.279632,5
-1.000468,5.238152,1
-0.529716,4.970161,1
-6.399142,5.367681,3
-6.649769,5.949833,3
-1.708013,9.514784,4
6.684167,-0.406937,2
-1.682825,9.868448,4
-1.187611,4.661759,1
-1.326545,5.327511,1
7.387571,-0.047973,2
-6.362181,5.339617,3
-7.533319,5.232672,3
6.647359,-0.765955,2
-7.187826,5.644405,3
0.597614,8.888353,5
6.821043,0.257984,2
-1.125826,5.202084,1
-2.610339,9.091515,4
-2.154487,10.125847,4
7.223126,0.100446,2
-6.615432,4.741364,3
-1.484443,4.206741,1
6.437624,-0.576622,2
-7.169465,5.368284,3
0.247006,9.182255,5
-1.972127,9.240953,4
-7.241105,4.594743,3
-6.477864,5.171499,3
6.417641,-0.059780,2
-1.966539,9.436596,4
-7.354416,4.941408,3
-7.114475,5.376183,3
-2.255036,9.008239,4
-6.629872,5.539386,3
-2.416685,9.404304,4
7.194186,-0.916237,2
-1.818622,9.098473,4
-7.044839,5.194692,3
0.237292,9.063297,5
-0.801908,4.498289,1
-7.044353,5.200044,3
-1.663956,9.289762,4
-2.282117,8.995639,4
-2.584374,9.940768,4
0.011840,8.860636,5
6.658927,-0.355039,2
-0.836480,4.562750,1
-1.694229,5.040383,1
-6.746553,5.271461,3
-6.880712,4.919351,3
0.861686,8.378823,5
1.191611,8.971153,5
7.012082,-0.793408,2
6.471170,-0.131037,2
-2.643703,9.608438,4
0.188760,8.641633,5
-2.697724,9.659923,4
1.030254,8.520447,5
7.225908,-0.737816,2
0.626837,8.501618,5
0.342425,8.276728,5
0.575107,8.885869,5
0.862393,8.281262,5
6.791000,-0.373882,2
7.081024,0.047181,2
-1.352915,4.913184,1
-1.369210,4.334964,1
-2.259029,9.520245,4
-1.500266,4.767793,1
6.932406,-0.030676,2
-2.022235,9.228820,4
6.870219,-0.250581,2
0.631279,8.685545,5
6.932601,-0.331632,2
6.996778,-0.368101,2
-1.094573,4.649915,1
-2.254155,9.952735,4
6.987752,-0.308625,2
-6.964729,5.412179,3
7.030433,-0.289153,2
-1.305095,4.872136,1
6.759586,-0.052631,2
-1.367543,4.622317,1
-1.429583,4.624309,1
-1.978042,9.474695,4
-6.777667,5.528209,3
-2.428001,9.664815,4
-7.071181,5.137129,3
-1.185091,4.777351,1
-1.292389,4.755448,1
6.986434,-0.509911,2
6.619960,-0.233463,2
-7.128633,4.997699,3
-7.011934,5.241332,3
-6.985622,5.279813,3
0.588988,8.377794,5
-6.877345,5.538625,3
-6.942795,5.345111,3
7.023396,-0.069707,2
-2.244195,9.408479,4
6.765244,-0.372163,2
0.510958,8.554486,5
-1.235573,4.826650,1
1.036725,8.765062,5
-2.160948,9.439232,4
-2.273614,9.101609,4
6.878739,-0.036384,2
6.929160,-0.335587,2
-2.249400,9.645441,4
-7.086340,5.027709,3
-2.176483,9.380860,4
-1.021370,4.901787,1
-2.070615,9.314100,4
6.863771,-0.462820,2
-1.259994,4.425200,1
7.042255,-0.094259,2
6.953694,-0.263629,2
-6.855157,5.239856,3
-2.301767,9.773455,4
-7.091001,5.225475,3
6.773733,-0.454968,2
-1.286743,4.651162,1
0.914279,8.417162,5
1.118525,8.688508,5
-1.184309,4.961891,1
6.824993,-0.277925,2
-2.168521,9.333714,4
-1.006935,4.941792,1
6.766632,-0.130204,2
7.129824,0.020364,2
-7.176116,5.179199,3
0.777421,8.616931,5
-2.371604,9.401768,4
-1.400738,4.837884,1
-1.957026,9.026960,4
-2.182013,9.426370,4
-7.097560,5.253448,3
-1.446061,5.048691,1
-6.994611,5.252969,3
6.997864,-0.323716,2
0.416826,8.264709,5
0.676545,8.832278,5
-0.955978,5.040618,1
-6.977255,5.449444,3
-6.714741,5.339005,3
0.632223,8.696514,5
-2.088853,9.565191,4
6.777370,-0.186865,2
-1.345617,4.979964,1
-1.053091,4.551614,1
-1.735539,9.568628,4
-2.329017,9.488787,4
6.659621,-0.115988,2
-1.186100,4.586854,1
-2.341599,9.787663,4
-1.449046,5.028485,1
-6.649429,5.485470,3
7.020910,-0.570353,2
-1.429193,4.928736,1
7.208236,-0.243931,2
0.856531,8.731812,5
-1.142683,4.717657,1
-6.694431,5.313332,3
6.605304,-0.315507,2
-1.066496,4.674734,1
-6.905675,5.598110,3
0.843454,8.351924,5
0.696044,8.318872,5
-6.829831,5.288390,3
-1.044225,4.718819,1
-2.450439,9.728427,4
6.973147,-0.613713,2
-1.319352,4.948705,1
6.612233,-0.176142,2
6.831802,-0.342724,2
-1.262457,5.147520,1
0.745800,9.097211,5
-6.584419,5.522595,3
6.703129,0.064370,2
0.851442,8.389671,5
-1.427761,4.813252,1
0.530236,8.778603,5
-6.587708,5.124365,3
6.765088,0.012114,2
-1.505772,4.378726,1
-2.064487,9.941511,4
-2.460062,9.307791,4
0.703971,8.766666,5
-1.813488,9.660832,4
0.657859,8.436838,5
-1.359368,4.395441,1
-1.147409,5.112446,1
1.099793,9.205305,5
0.641197,8.485633,5
-1.276937,4.633005,1
-2.314015,9.519216,4
-1.339178,4.736209,1
-2.314335,9.819391,4
-1.515777,4.858272,1
-2.265108,9.435679,4
6.893556,-0.713595,2
-1.183898,4.512931,1
-6.829881,5.768206,3
-1.501788,5.047290,1
0.373447,8.553903,5
-0.897354,4.548111,1
0.883856,8.694151,5
6.853822,-0.255187,2
0.448569,8.772580,5
0.556895,8.926037,5
1.136110,8.388801,5
7.092116,0.075338,2
-1.321646,4.372704,1
6.805594,-0.181285,2
-7.372885,5.281259,3
-6.571274,5.283928,3
-6.663692,5.803763,3
6.972915,-0.248345,2
6.931797,-0.353398,2
0.940888,8.603938,5
-6.840126,5.147432,3
-2.046066,9.604833,4
-1.534709,4.905955,1
0.893793,8.657915,5
-1.287562,4.841224,1
-0.982684,4.692305,1
-2.486487,9.581562,4
0.644302,9.206949,5
0.895239,8.546925,5
-2.224378,9.580018,4
-6.656697,5.136036,3
-7.033348,4.880816,3
-2.345803,9.056854,4
0.681199,8.700600,5
0.685567,8.486784,5
-2.003923,9.591124,4
7.059330,-0.893953,2
-2.293035,9.712944,4
-2.393156,9.539543,4
-0.963950,4.547256,1
-1.624632,4.398005,1
-1.932855,9.561594,4
0.562133,8.662449,5
-2.356106,9.752087,4
0.547725,8.549446,5
-6.873915,5.207530,3
-2.171674,9.388812,4
-6.840403,5.137854,3
0.604453,8.683469,5
0.564306,8.494422,5
-2.437314,9.275493,4
0.929299,8.755805,5
-1.140860,4.763063,1
6.697499,-0.565660,2
6.867044,-0.209526,2
-1.026182,4.703985,1
-2.146187,9.442616,4
-1.903057,9.686735,4
-6.494296,5.484362,3
-1.021974,4.606393,1
-6.805477,5.166806,3
-7.110546,5.260715,3
0.574339,8.895493,5
-1.264750,4.755280,1
-6.593778,5.303550,3
0.660843,8.387539,5
-2.521877,9.431218,4
-1.049326,4.981145,1
-1.217275,4.609716,1
-1.189239,4.949599,1
-2.082183,9.575608,4
0.528823,8.724763,5
1.136482,8.639311,5
-6.819697,5.346708,3
6.865912,-0.457008,2
-6.979432,5.337424,3
-2.103977,9.844000,4
-6.725212,4.975476,3
6.863038,-0.168540,2
-1.409003,4.549186,1
0.466635,8.828897,5
0.876277,8.795978,5
-1.955273,9.482983,4
6.662701,-0.402584,2
-2.213721,9.631225,4
6.840753,-0.308620,2
1.030945,8.823232,5
0.815925,8.609789,5
-2.386518,9.560903,4
0.750592,8.821267,5
7.090523,-0.208549,2
-7.204646,5.456100,3
-2.497344,9.487875,4
6.796208,-0.475305,2
-1.236660,4.796632,1
-2.142193,9.259226,4
6.705053,-0.223136,2
-1.178872,4.959542,1
0.507785,8.620500,5
-1.671759,4.863479,1
-2.133427,9.511859,4
0.360858,8.586653,5
6.865905,-0.377094,2
6.785847,-0.173523,2
-7.145779,5.462819,3
-1.299289,4.961041,1
-2.591407,9.658846,4
6.823463,-0.522781,2
7.143027,-0.488039,2
-0.776558,4.953835,1
0.989352,8.681584,5
-1.991342,9.824875,4
-1.448078,4.950674,1
-6.835233,5.021193,3
0.309529,8.873672,5
0.938024,8.926207,5
-2.273913,9.709553,4
7.097329,-0.224728,2
-1.610878,4.569039,1
-1.617699,4.795555,1
-1.505533,4.556121,1
6.690175,-0.379018,2
-7.207439,5.334071,3
-1.954614,9.628851,4
-7.175917,5.164513,3
0.417205,8.766264,5
-1.094792,4.563784,1
-2.156819,9.534070,4
-2.098768,9.424623,4
0.534730,8.292305,5
0.502326,8.440929,5
-6.882117,5.016151,3
0.601270,8.542087,5
-2.313032,9.442054,4
-6.985388,5.351462,3
-6.478051,5.411367,3
-1.432158,4.593243,1
-6.982806,5.285864,3
0.583928,9.091277,5
-1.327977,4.515874,1
-0.935250,4.630526,1
-7.075487,5.245287,3
6.917241,-0.485876,2
0.871211,8.420277,5
-2.152362,9.127786,4
6.771678,-0.154419,2
-2.195177,9.527508,4
-2.247113,9.853836,4
-2.308018,9.356274,4
0.740466,8.997478,5
-2.270313,9.372771,4
-6.840861,5.281204,3
-6.966988,5.016959,3
-6.562001,5.524243,3
-1.096185,5.061507,1
0.708474,8.909316,5
6.769140,-0.208351,2
-2.022389,9.619578,4
0.429683,8.519952,5
0.326790,8.506804,5
1.056345,8.479050,5
-6.775101,5.306128,3
-1.204805,4.724435,1
-0.957205,4.731185,1
-6.794400,5.411558,3
-1.430837,4.821770,1
-2.389076,9.302325,4
-6.684889,4.876808,3
-7.399661,5.157998,3
0.499531,8.574708,5
-1.391336,4.521645,1
-1.189901,4.989361,1
6.862062,-0.167586,2
-1.237965,4.755367,1
0.722843,8.483670,5
-1.111845,4.741644,1
0.741221,8.689145,5
0.656903,8.823758,5
6.680701,-0.028006,2
0.583148,8.717278,5
-2.451950,9.408154,4
-1.221887,4.748154,1
7.045322,-0.410520,2
-1.159932,5.143203,1
-2.562904,9.467840,4
6.979791,-0.509116,2
-7.103922,4.959082,3
-2.212621,9.833266,4
0.793358,8.745097,5
-7.015207,5.459169,3
-1.404089,4.592115,1
-2.532685,9.918055,4
-2.063291,9.543658,4
-6.874380,5.329353,3
-1.387307,4.969446,1
7.103829,-0.356035,2
0.697802,9.135829,5
6.834439,-0.005666,2
-7.012236,5.363255,3
0.557094,8.587760,5
-2.140388,9.170620,4
0.658570,8.807204,5
0.947331,8.618183,5
-1.163287,4.540632,1
-1.225826,4.849825,1
-1.295748,4.962915,1
-1.584869,4.879615,1
-1.919206,9.552027,4
0.685140,9.194446,5
0.934792,8.962444,5
0.408703,8.725626,5
-1.992784,9.623177,4
-6.846301,5.520705,3
7.066596,-0.349233,2
-2.161423,9.674949,4
0.778051,9.239332,5
-1.794511,9.245737,4
-1.193398,4.634050,1
6.886379,-0.193934,2
0.460004,8.667295,5
-2.532486,9.318647,4
6.962869,-0.272329,2
7.125581,-0.418421,2
6.695684,-0.471025,2
-1.287296,4.607975,1
-6.614297,4.851013,3
6.724327,-0.648224,2
-1.925623,9.639120,4
-7.029872,5.442663,3
6.816658,-0.506509,2
-7.070965,5.024415,3
-1.939462,9.621256,4
0.554481,8.658742,5
-2.587574,9.513521,4
-1.167001,4.633381,1
6.921904,-0.473412,2
-6.830014,5.386491,3
0.638976,8.552329,5
-6.813539,5.232344,3
0.742695,8.435119,5
-6.908816,5.311738,3
7.080328,-0.493344,2
0.786059,8.191533,5
-1.056062,4.903091,1
0.693364,8.678095,5
0.371493,8.419478,5
-7.092221,5.087300,3
-6.840404,5.142134,3
6.853747,-0.680790,2
-6.999271,5.310554,3
-1.282848,4.678033,1
-1.920519,9.497365,4
-1.155485,4.582257,1
0.333475,8.743764,5
0.628827,8.448709,5
-6.823209,5.492352,3
-2.391866,9.575777,4
0.680479,8.275030,5
0.825561,8.951774,5
-6.898925,5.488615,3
0.989131,8.966170,5
-2.152102,9.450405,4
-0.964144,4.474919,1
-6.573545,5.329249,3
-2.149772,9.560748,4
7.049767,-0.515117,2
-6.966404,5.366876,3
-7.044146,5.254852,3
-1.355259,4.924344,1
-7.213911,5.453031,3
0.778171,8.491790,5
0.429818,8.806053,5
-2.082056,9.529709,4
-1.248037,4.900911,1
-6.970468,5.540319,3
-1.138735,4.901300,1
-7.057333,4.966851,3
-6.872670,5.459152,3
0.706910,8.504819,5
-1.439868,4.844140,1
-6.897318,5.703395,3
-6.986675,5.347074,3
-1.199955,4.446965,1
6.657325,-0.205399,2
-6.779344,5.187491,3
0.395348,8.916228,5
6.863085,-0.353439,2
7.083875,0.006540,2
0.797015,8.992619,5
-1.917302,9.623049,4
-1.291842,4.491911,1
-1.051749,4.755069,1
0.746566,8.810187,5
-1.324888,4.539288,1
6.854387,-0.314027,2
-1.180174,4.639883,1
-2.019436,9.641437,4
0.700034,8.803432,5
6.655263,-0.118836,2
0.648960,8.386850,5
-1.079244,4.598451,1
0.561697,8.354915,5
6.696083,-0.601581,2
-1.390413,4.822052,1
-7.131100,5.350709,3
7.007966,-0.253600,2
1.079069,8.975501,5
-1.504177,4.802100,1
-1.070670,4.527711,1
-1.538958,4.255953,1
0.686933,8.817036,5
-7.103491,5.142454,3
0.751976,8.993638,5
-2.153289,9.486408,4
6.677619,-0.520942,2
6.618792,-0.132728,2
0.456539,8.666093,5
-1.366258,5.143825,1
-1.197377,4.685292,1
-0.817502,4.750111,1
-2.470155,9.735504,4
-7.254106,5.422128,3
0.777927,8.677031,5
0.646281,9.155558,5
0.461759,8.734540,5
-1.190158,4.383603,1
-2.410419,9.492800,4
0.705841,8.864378,5
-0.995046,4.645656,1
-6.759701,5.511888,3
-6.825435,5.243779,3
6.820387,-0.499228,2
6.782969,-0.588803,2
-1.044751,4.832795,1
-1.102648,4.736356,1
6.786258,-0.258615,2
-6.728670,5.457934,3
-1.570716,4.792406,1
-1.189305,4.909080,1
-6.720765,5.395321,3
-1.192962,4.546426,1
0.654331,8.412747,5
-6.743202,5.163841,3
0.686373,8.822635,5
0.782821,8.948187,5
-1.118280,4.948685,1
6.900321,-0.005464,2
6.925362,-0.637004,2
0.791468,8.554536,5
0.650967,8.773465,5
7.195613,-0.335399,2
-2.143581,9.257956,4
-1.213568,4.783585,1
-1.294384,4.646281,1
6.834588,-0.156271,2
0.842308,8.735943,5
-7.020154,5.201553,3
-7.013295,5.289782,3
-0.974245,4.870049,1
6.964671,-0.176423,2
-1.168633,4.633222,1
6.842461,-0.364041,2
-2.092589,9.660169,4
-2.398198,9.565327,4
-2.301979,9.642958,4
-1.968234,9.163118,4
-2.046544,9.137589,4
-2.104939,10.043087,4
-2.049491,9.254246,4
6.858390,-0.522182,2
-7.224188,5.396605,3
0.644753,8.860698,5
0.459586,8.468418,5
-2.111593,9.595260,4
-1.966601,9.368884,4
-6.839741,5.181618,3
7.067937,-0.153153,2
6.835511,-0.027755,2
-6.497385,5.401299,3
-0.953475,4.785088,1
6.875229,-0.308173,2
-6.514763,5.422672,3
-6.718213,5.149484,3
-2.208863,9.697778,4
6.598425,-0.082312,2
0.763848,8.574862,5
0.322776,8.496536,5
-1.395021,5.061155,1
0.437630,8.633677,5
6.888909,-0.485671,2
7.194634,-0.068470,2
-2.396337,9.578863,4
-2.120165,9.629078,4
0.708708,9.140500,5
0.799974,8.681933,5
-2.130929,9.730301,4
-0.818189,4.897163,1
-6.960313,5.441069,3
0.515119,9.026378,5
-7.058730,5.387368,3
0.753972,8.718617,5
-2.173183,9.615956,4
-6.960788,5.251622,3
0.620679,8.777378,5
-2.460185,9.226970,4
-1.073139,4.824215,1
-2.344015,9.131416,4
6.788464,-0.404388,2
0.639667,8.884715,5
-7.118730,5.335649,3
0.837217,8.840483,5
6.690902,-0.067903,2
6.898182,-0.365211,2
-7.045435,5.430411,3
0.719605,8.741201,5
6.756314,-0.129856,2
-6.742994,5.753110,3
-1.257284,4.637319,1
-7.025454,5.426950,3
-1.200280,4.958123,1
-2.260926,9.529555,4
-2.310835,9.701217,4
-2.543204,9.599957,4
0.607982,8.691948,5
-7.111439,5.324231,3
-7.079427,5.385100,3
1.051328,8.836715,5
-1.261820,4.767764,1
-2.387232,9.467531,4
7.074645,-0.380289,2
-2.213517,9.628383,4
-7.166450,5.235523,3
-1.092921,4.555042,1
6.761300,-0.234515,2
0.644887,8.867785,5
-1.102016,4.508881,1
-1.289165,4.538757,1
0.788105,8.686531,5
0.544195,8.676676,5
-2.473989,9.445168,4
-6.809115,5.138281,3
-6.642433,4.823390,3
-1.135486,4.311046,1
0.556805,8.560953,5
-2.630400,9.150099,4
-1.086033,4.510664,1
-1.277192,4.764222,1
-2.481855,9.534756,4
-2.376414,9.478628,4
0.852021,8.233274,5
-2.304831,9.546865,4
-1.064593,4.735847,1
0.660077,8.848710,5
6.824943,-0.144526,2
-6.809849,4.991168,3
0.810183,8.481528,5
0.389229,8.821971,5
-7.384871,5.087867,3
-2.087814,9.462087,4
-1.211488,4.506564,1
0.985447,8.730472,5
-6.811680,5.212959,3
-1.499056,4.726424,1
-6.831330,5.320000,3
0.530630,8.901402,5
6.862573,-0.423282,2
-6.841174,5.483705,3
-6.845546,5.311302,3
-2.132351,9.187042,4
-1.536378,4.982990,1
-1.358731,5.074236,1
6.949017,-0.244771,2
6.941401,-0.129937,2
-2.065787,9.469221,4
6.882129,-0.317231,2
0.940093,8.837178,5
0.684875,8.661229,5
-7.011622,5.055267,3
-6.786533,5.400562,3
0.350712,8.541933,5
-2.410754,9.653331,4
0.420864,8.757812,5
0.824605,8.446911,5
0.659524,8.338390,5
-1.476639,4.503074,1
-6.834297,5.551043,3
6.872063,-0.219034,2
-6.898613,5.191734,3
-6.835623,5.254138,3
-1.842994,9.576273,4
-7.172298,5.247385,3
7.044075,-0.283069,2
-1.478811,4.736396,1
-6.968215,5.710098,3
-7.223851,5.348160,3
0.612548,8.801196,5
0.787005,8.526998,5
6.934514,-0.343702,2
7.077728,-0.288277,2
0.709277,8.646354,5
-1.354401,4.910528,1
1.013449,8.650594,5
-2.118584,9.472470,4
-6.667667,4.911748,3
-7.212911,5.342868,3
0.481687,8.634135,5
7.004470,-0.075974,2
-6.840421,5.305248,3
-1.247015,4.673581,1
6.855408,-0.265582,2
6.962709,-0.316634,2
-2.296279,9.267500,4
0.479614,8.892763,5
-1.109917,4.795641,1
-7.173681,4.904225,3
-1.441482,4.590469,1
7.174924,-0.253504,2
-1.023475,4.876655,1
-2.123167,9.322849,4
-1.188895,4.458191,1
0.784037,8.906924,5
-0.991314,4.912881,1
6.798743,-0.400118,2
-6.927212,5.234980,3
-1.258484,4.748885,1
0.584606,8.701551,5
-7.513165,5.234511,3
-1.216358,4.694524,1
-7.099208,5.333280,3
-2.328425,9.666172,4
-1.063757,5.057613,1
-1.234016,4.877707,1
-6.826748,5.440567,3
-6.919058,5.057568,3
6.819883,-0.109759,2
6.788346,-0.402017,2
-7.097907,5.401855,3
1.081681,8.775797,5
0.487989,8.327927,5
-1.533280,4.802157,1
-1.362147,4.628784,1
0.668410,8.590814,5
-6.600637,5.330091,3
-1.411779,4.593881,1
0.693301,8.727280,5
-2.116329,9.177972,4
6.485197,-0.033567,2
0.398149,8.785389,5
0.651896,8.595491,5
-7.201190,5.313357,3
-2.031595,9.537366,4
-2.280773,9.538631,4
-2.196542,9.551949,4
0.666319,8.642695,5
-2.217529,9.772552,4
-0.917060,5.046407,1
-6.938295,5.303648,3
-6.944220,5.089764,3
0.337361,8.290411,5
-1.227256,4.689039,1
-2.365937,9.218730,4
-2.314370,9.428710,4
-1.260555,4.454828,1
6.676395,-0.320529,2
7.160136,-0.607280,2
0.324753,8.489723,5
-2.061434,9.594770,4
-1.305445,4.483495,1
-2.662979,9.438171,4
-2.178111,9.442467,4
-2.288288,9.535658,4
-6.670095,5.071427,3
7.028316,-0.151088,2
-1.392815,4.643534,1
-1.431088,4.542248,1
7.133830,-0.242831,2
6.927576,-0.736761,2
-7.459221,5.348455,3
-1.238487,4.219710,1
-1.392344,4.594850,1
0.664100,8.664735,5
-6.994565,5.131528,3
-2.473908,9.333798,4
-1.161534,4.476392,1
0.978058,8.666292,5
-7.093852,5.015907,3
-6.808662,5.389461,3
-6.777546,5.143763,3
0.303155,8.615098,5
-1.788646,9.524396,4
6.834611,-0.238513,2
-2.624540,9.479422,4
0.917261,8.431573,5
0.687286,8.695688,5
-0.948039,4.676801,1
-6.802126,5.321828,3
-2.175761,9.628439,4
6.975016,-0.483417,2
-1.285901,4.922427,1
-0.814820,4.818427,1
6.700336,-0.373988,2
0.566836,8.938773,5
-1.180583,4.471596,1
6.787384,-0.201846,2
7.001413,-0.315139,2
-1.112602,4.797683,1
6.770397,-0.217254,2
6.923708,-0.284115,2
-2.340655,9.548366,4
6.720155,-0.375180,2
-2.131100,9.533648,4
-7.337260,5.240074,3
-2.143980,9.517462,4
-2.567549,9.516315,4
-1.494547,4.755058,1
-1.449157,4.897799,1
-7.142056,5.001140,3
-2.241174,9.747869,4
-2.396380,9.573030,4
-2.082416,9.188473,4
-7.138509,5.469440,3
-1.121085,4.515810,1
-0.918787,5.095961,1
-7.209786,5.332841,3
-1.373474,4.547964,1
-2.170992,9.308825,4
6.660225,-0.321907,2
-1.411116,4.983672,1
-1.049581,4.707721,1
-2.122870,9.483323,4
7.034717,-0.638432,2
-1.176814,4.652293,1
7.216507,-0.341582,2
-1.401330,4.748464,1
0.719314,8.547377,5
-1.202832,4.824965,1
-1.097271,4.553337,1
-2.351145,9.296126,4
-1.399688,4.313743,1
-7.002957,5.175884,3
6.947928,-0.457308,2
-7.048459,5.496563,3
-1.449450,4.519210,1
-6.753067,5.000495,3
6.970906,-0.297285,2
7.096947,0.111270,2
1.059901,8.438148,5
-7.060728,5.458331,3
-1.139618,4.594018,1
0.917974,8.767646,5
6.839425,0.093291,2
6.927195,0.071018,2
6.819271,-0.681151,2
-7.280335,5.084775,3
-2.326815,9.640450,4
7.121396,-0.242528,2
0.777010,8.805070,5
-6.817633,5.508048,3
-6.715383,5.439926,3
-1.326333,4.552953,1
0.649190,8.477247,5
-1.833970,9.306740,4
-6.708905,5.318007,3
0.530829,8.729067,5
0.926772,8.557635,5
-7.231730,5.141143,3
-6.800475,5.045106,3
-1.181485,4.444473,1
-1.095708,4.463432,1
-6.955264,5.552266,3
-2.205012,9.531914,4
0.420801,8.921854,5
6.819172,-0.520381,2
-2.061662,9.706416,4
-2.139026,9.292369,4
-6.903518,5.463202,3
-2.356192,9.584523,4
-1.446965,4.789620,1
-7.170352,5.327525,3
6.458995,-0.355080,2
-2.524237,9.851320,4
-2.202619,9.478387,4
7.044137,-0.087079,2
-2.632779,9.634801,4
6.892117,-0.184533,2
0.811926,8.767419,5
-7.115963,5.335876,3
-6.612134,5.100343,3
-6.893313,5.303901,3
-7.035538,5.243196,3
-7.017444,4.986166,3
-2.445527,9.488221,4
0.641438,8.785572,5
-1.490510,4.572684,1
-2.056990,9.282573,4
-2.369899,9.359596,4
6.926421,-0.756866,2
1.261427,8.707786,5
-7.026851,5.319853,3
-7.123644,5.326376,3
-2.567295,9.617510,4
-1.286432,4.876348,1
-1.260013,4.916011,1
6.990726,-0.426168,2
7.080134,-0.269721,2
-1.542536,4.767118,1
0.677277,8.183830,5
-6.745133,5.381707,3
-2.044948,9.375942,4
6.853444,-0.135725,2
-6.879076,5.291582,3
-1.272632,4.801362,1
-7.251939,4.936951,3
-7.094433,5.358311,3
-6.781849,5.395170,3
-2.265137,9.589652,4
0.679292,8.789750,5
6.683230,-0.535594,2
7.151469,-0.572537,2
-7.075024,5.579670,3
-1.453831,4.490921,1
0.695024,8.495805,5
0.744174,8.730742,5
0.681067,8.876866,5
0.766838,8.414118,5
-6.802487,5.018182,3
-2.553694,9.593821,4
0.821831,8.636662,5
-2.296361,9.569431,4
6.855371,-0.119787,2
-7.230516,5.381738,3
6.925776,0.037896,2
-1.247160,5.123625,1
6.719871,-0.236360,2
-2.398934,9.473648,4
-1.256833,4.905918,1
6.935079,-0.671694,2
0.561035,8.330592,5
-7.136296,5.477172,3
0.883252,8.676228,5
0.715291,8.720403,5
-0.881003,4.736751,1
7.086152,-0.403111,2
0.813069,8.781898,5
-2.411161,9.464619,4
6.923022,-0.340419,2
-1.355143,5.054471,1
0.467033,8.783839,5
-2.629962,9.299199,4
-1.843008,9.515091,4
-6.780999,5.105552,3
-2.465804,9.609817,4
-7.046588,5.172647,3
-1.391304,4.687169,1
0.780384,8.546579,5
-2.207799,9.347679,4
6.546896,0.013460,2
-6.717709,5.340815,3
6.858139,-0.591096,2
7.235906,-0.130579,2
-7.117028,5.340448,3
-7.066485,5.281226,3
-7.153059,4.847717,3
-2.116838,9.513761,4
-2.281513,9.775662,4
6.930974,-0.650033,2
0.566589,8.592289,5
0.879135,8.575952,5
-2.127057,9.407741,4
-7.269753,5.308426,3
6.900562,-0.417407,2
0.699915,8.449450,5
0.388338,8.733383,5
-2.230314,9.468446,4
-6.636782,5.217211,3
6.891870,-0.458115,2
-2.148201,9.370947,4
-1.602250,4.772980,1
6.992582,-0.392008,2
6.809858,-0.053903,2
-7.024858,5.360995,3
6.672846,-0.466073,2
0.534455,8.632752,5
0.646525,8.913198,5
7.074948,-0.235887,2
0.561035,8.531875,5
-6.907588,5.394923,3
-2.105462,9.196738,4
-7.052883,5.181004,3
-7.021856,5.010166,3
-2.142746,9.579546,4
-2.234617,9.588978,4
-2.245476,9.460859,4
-1.578460,4.472944,1
-6.861637,5.264583,3
-2.235134,9.366290,4
-6.824922,5.434731,3
0.543712,8.550791,5
-2.158860,9.684205,4
-1.394412,4.657068,1
6.621363,-0.642951,2
6.553052,-0.207199,2
-6.818137,5.420600,3
-6.981460,5.466413,3
-1.163422,4.501803,1
-6.971914,4.984214,3
-2.198747,9.611684,4
-2.438896,9.440280,4
0.703065,8.837540,5
-7.287500,5.066312,3
0.906988,8.624709,5
-2.745341,9.663269,4
-1.244166,4.663979,1
6.967123,0.034059,2
-2.165885,9.622864,4
-6.711417,5.441727,3
0.699976,8.870063,5
-1.111851,4.656790,1
-1.176143,4.432889,1
-7.071137,5.321713,3
6.771060,-0.012173,2
7.062855,-0.057054,2
6.508950,-0.072247,2
-6.687414,5.212875,3
-6.953150,5.076609,3
7.019490,-0.088637,2
-1.105838,4.437911,1
-1.135441,4.821452,1
-7.040492,5.102015,3
-6.874036,5.039340,3
-7.176509,5.254102,3
-1.250649,4.893337,1
-2.153050,9.204595,4
0.449235,8.288377,5
-2.215449,9.510378,4
-6.820060,5.291811,3
-2.044121,9.228361,4
-2.365065,9.416896,4
0.822860,8.612207,5
0.620985,8.780479,5
-6.961678,5.176775,3
-2.440694,9.785449,4
-1.248465,4.743620,1
-1.864716,9.818272,4
6.816751,-0.296209,2
-1.471628,4.954616,1
6.594227,-0.391709,2
7.005190,-0.000232,2
-1.889782,9.666203,4
-1.288474,4.378924,1
-1.272605,4.601608,1
6.896423,-0.118021,2
7.360437,-0.360516,2
-6.839645,5.346482,3
1.062863,8.825708,5
7.022970,-0.570276,2
-1.850221,9.760641,4
-6.947469,5.119793,3
-6.947849,5.062649,3
-6.935955,5.326274,3
0.407272,8.973220,5
-7.072499,4.888854,3
-1.194030,4.672682,1
-6.754014,5.023553,3
-1.471151,4.767464,1
-7.058321,5.123970,3
6.880910,-0.484132,2
7.260726,-0.123454,2
0.633692,8.881968,5
7.062161,-0.261631,2
-7.154952,5.231399,3
7.086263,-0.376170,2
-2.218252,9.337568,4
0.562411,8.555622,5
6.951888,-0.388686,2
-2.332802,9.623781,4
6.898989,-0.494834,2
-6.604468,5.192087,3
7.033228,-0.162521,2
-1.224456,4.570390,1
-6.652491,5.300683,3
-6.980004,5.211466,3
0.410237,8.533584,5
-1.107062,4.907050,1
-6.952388,4.951717,3
0.403936,8.297317,5
0.849634,8.487109,5
-1.136734,4.877528,1
-6.859908,5.619455,3
0.827649,8.628308,5
-1.457987,4.820655,1
6.896644,-0.473507,2
6.824810,-0.417117,2
6.961392,-0.006917,2
-2.245797,9.463195,4
0.844936,8.416693,5
-1.650959,4.555802,1
-1.241999,4.551380,1
-2.218682,9.474993,4
-0.996976,4.655334,1
-1.234882,4.622267,1
-1.361513,4.827690,1
-2.254787,9.478989,4
-2.428379,9.510874,4
7.143770,-0.147080,2
-1.090112,4.570612,1
-6.481142,5.379921,3
6.977063,-0.024985,2
-2.209353,9.526190,4
-1.998856,9.491423,4
-1.187326,4.653826,1
1.037005,8.492399,5
6.991305,-0.128418,2
6.949591,-0.320791,2
0.459506,8.798014,5
-1.268548,4.709654,1
6.821442,-0.277352,2
-7.009652,5.182854,3
6.850025,-0.292013,2
-7.004452,5.261742,3
-2.083764,9.510376,4
-1.193009,4.955443,1
1.074171,8.658788,5
-1.390649,4.899859,1
0.654006,8.731558,5
-6.936645,5.339028,3
6.893397,-0.546276,2
6.570753,0.107146,2
-0.997900,4.715333,1
-2.137996,9.441525,4
6.655250,0.051874,2
0.261545,8.709666,5
-1.339096,4.567286,1
-6.919937,5.391515,3
-1.848006,9.448782,4
-2.211608,9.229266,4
-2.476699,9.728174,4
-1.156198,4.815598,1
0.602773,8.457156,5
-6.820279,5.080172,3
-6.727681,5.114536,3
-6.811881,5.419249,3
-7.007122,4.831955,3
-6.805952,5.024006,3
-2.206571,9.717299,4
0.909682,8.640100,5
-1.287809,5.041669,1
6.823793,-0.281675,2
-1.170803,4.860312,1
-6.758631,5.313520,3
-6.758121,5.010806,3
-2.238241,9.723375,4
1.020809,8.483626,5
-2.107270,9.357250,4
-1.912425,9.572450,4
-1.199676,4.863301,1
6.929652,0.050227,2
-1.225992,4.699561,1
7.172199,-0.188056,2
-6.631196,4.961773,3
6.804301,-0.445253,2
-2.394504,9.626120,4
-1.108747,4.804658,1
-6.745519,5.442836,3
-2.303956,9.738509,4
0.490276,8.757724,5
-6.965825,5.057210,3
0.732680,8.787239,5
-6.969915,5.553674,3
-6.836140,5.155482,3
6.784511,-0.265632,2
6.868439,0.002269,2
-2.186548,9.444368,4
0.770830,8.606978,5
0.529958,8.918593,5
-6.673263,4.777343,3
-2.276255,9.570920,4
-1.099079,4.764637,1
-0.912842,4.633395,1
6.861479,-0.201603,2
-2.158822,9.446893,4
-1.892269,9.704056,4
6.745275,-0.011711,2
6.786314,-0.199374,2
-6.856920,5.159413,3
7.364550,-0.442633,2
7.020348,-0.184140,2
-2.289697,9.529185,4
-6.761090,5.123791,3
-1.247158,5.032599,1
-6.908545,5.487257,3
-1.333487,4.831676,1
-2.181793,9.725277,4
0.247787,8.772112,5
-2.253027,9.713039,4
0.500137,8.549885,5
0.416118,8.580065,5
0.805092,8.491590,5
7.135059,-0.113196,2
0.474988,8.156008,5
0.506200,9.086808,5
6.933080,0.119620,2
6.698200,-0.281520,2
-6.955297,5.002785,3
6.694689,-0.357845,2
6.415812,0.076985,2
-1.082804,4.424159,1
6.857964,-0.457421,2
-1.254810,4.819396,1
6.951307,-0.228717,2
0.863892,8.507165,5
-6.941123,5.168132,3
-1.483660,4.985215,1
-1.362685,4.852274,1
6.770804,-0.295376,2
6.881055,-0.067174,2
6.468918,-0.408877,2
0.672818,8.713732,5
0.525425,8.417300,5
6.822365,-0.372493,2
-1.909202,9.783698,4
0.542176,8.743426,5
-6.854760,5.187691,3
-7.173580,5.317364,3
-1.447918,4.845558,1
-7.244967,5.482966,3
-1.306597,4.879921,1
7.297280,-0.505344,2
-2.487880,9.776405,4
-1.018747,4.727993,1
0.781493,8.584281,5
-2.223507,9.392732,4
-1.366649,4.513612,1
-2.619208,9.182613,4
6.780937,-0.122224,2
-1.430031,4.898272,1
0.353775,8.548905,5
-2.331779,9.679666,4
-1.551092,4.609182,1
-7.246733,5.335315,3
7.018949,-0.371391,2
-6.759634,5.335220,3
-6.492744,5.409114,3
7.135561,-0.249165,2
6.761683,-0.641692,2
-1.718557,9.721899,4
6.708661,-0.112235,2
-2.497745,9.321828,4
-1.303751,4.482443,1
6.826089,-0.770922,2
-2.320477,9.307451,4
-6.797650,5.180502,3
0.408867,8.839246,5
-6.893305,5.132943,3
-1.300027,4.759982,1
0.483166,8.435099,5
-1.951484,9.486362,4
-2.072925,9.424704,4
-2.546504,9.491791,4
-2.604155,9.795476,4
-6.830417,5.610884,3
-1.361983,4.648307,1
-1.367301,4.772789,1
0.814574,8.792780,5
7.230196,-0.550430,2
6.916201,-0.326119,2
-7.318682,5.465920,3
-1.560256,4.719357,1
-1.430250,4.408720,1
-1.153875,4.983724,1
6.904812,-0.837145,2
-6.926406,5.317349,3
-2.306094,9.645960,4
7.185776,-0.519316,2
-0.783621,4.839771,1
0.642296,8.735231,5
-2.563721,9.591651,4
-7.172247,5.334797,3
-6.754504,5.244170,3
-1.267650,4.832056,1
0.634612,8.558224,5
-2.144090,9.468958,4
7.091381,-0.032102,2
6.778310,-0.474397,2
-1.968281,9.468967,4
7.221755,-0.115967,2
-1.404354,4.756180,1
-1.181520,4.655546,1
-6.975163,5.423651,3
0.826711,8.956936,5
-6.940545,5.290872,3
-7.062076,5.151243,3
0.851389,8.738534,5
-6.914441,5.287057,3
-2.271970,9.429271,4
-1.227096,4.818717,1
-2.064572,9.489814,4
-2.230250,9.447614,4
0.531194,8.947629,5
-0.863616,4.766917,1
0.704761,8.925191,5
-1.000916,4.488759,1
-6.693468,5.513167,3
-2.103003,9.266653,4
7.031058,0.109057,2
0.600503,8.613323,5
0.701177,8.759028,5
-1.053508,4.362351,1
-1.016177,4.976261,1
0.897303,8.661570,5
6.975025,-0.516517,2
-1.476362,4.635674,1
-1.979956,9.437924,4
-2.278184,9.684647,4
-2.397137,9.618374,4
-1.458638,4.976913,1
-2.364648,9.727102,4
-2.041256,9.272240,4
-2.167315,9.496943,4
-6.804374,5.705713,3
0.985933,8.982194,5
6.755374,-0.407352,2
-1.092018,5.079947,1
0.863024,8.843190,5
-2.310134,9.570534,4
6.787155,-0.063588,2
0.679545,8.744681,5
6.974811,0.066715,2
-1.181466,5.045866,1
0.622645,9.001556,5
-1.148978,4.610186,1
-6.764102,5.317378,3
-1.996507,9.367131,4
-7.092840,5.218082,3
6.970625,-0.499270,2
6.879300,-0.287468,2
7.127986,-0.074302,2
-2.237545,9.659439,4
-1.287066,4.798962,1
-2.011286,9.279040,4
7.170515,-0.625586,2
6.674439,-0.390251,2
-2.227728,9.736223,4
-6.558689,5.403643,3
7.097622,-0.088636,2
-7.037351,5.169584,3
0.779286,8.659788,5
-2.533187,9.301785,4
-6.980438,5.446469,3
-6.861717,5.056339,3
-1.455297,4.690748,1
-6.826860,5.336745,3
6.631854,-0.567551,2
-1.138296,4.867633,1
0.461713,8.538159,5
-7.465370,5.136262,3
-6.943523,5.540360,3
-7.080487,4.953249,3
0.794885,9.090613,5
-6.984625,5.197652,3
-6.851337,5.052919,3
-1.351560,4.809611,1
-1.345337,4.494438,1
6.959234,-0.038630,2
-7.145415,5.163942,3
0.568484,8.740471,5
-7.067863,5.043998,3
-1.193397,5.082200,1
-1.006132,4.659703,1
-2.198110,9.440254,4
-6.788809,5.672691,3
-6.925666,5.162295,3
-2.529323,9.888822,4
-6.899544,5.490492,3
-7.161921,5.406019,3
-1.145582,4.794833,1
6.884356,-0.217279,2
0.851000,8.828062,5
-2.068617,9.817833,4
6.898975,0.265725,2
6.834501,-0.247021,2
-6.864262,4.787870,3
-6.953037,5.056818,3
-2.332933,9.536753,4
-6.699269,5.198384,3
-7.174561,4.923397,3
-1.323805,4.747005,1
6.891386,-0.596588,2
-6.978014,5.433474,3
-1.767852,4.726653,1
-6.908476,5.280772,3
0.680629,8.702888,5
-6.972653,5.391232,3
-2.127309,9.514128,4
6.879703,-0.147455,2
-1.382759,4.800143,1
0.768275,8.625824,5
-2.057823,9.823394,4
-6.768241,4.986976,3
0.596668,8.551783,5
-2.123759,9.712839,4
-6.729436,4.896982,3
7.210475,-0.282128,2
0.320981,8.623860,5
-1.202493,4.413546,1
-1.434482,4.774328,1
-6.996691,5.270081,3
-7.184206,5.063109,3
-1.326964,4.603584,1
0.472076,8.806721,5
-2.386508,9.255058,4
-0.900867,4.951281,1
-1.456980,4.617735,1
-6.856902,5.092332,3
-2.455723,9.559402,4
-1.358187,4.586493,1
-1.177588,4.921086,1
6.806801,-0.433630,2
-2.109861,9.682930,4
0.963396,9.171600,5
-2.471072,9.445892,4
-7.212381,5.268208,3
-2.126537,9.376591,4
-6.664737,5.296308,3
7.054629,-0.514453,2
0.759860,8.886549,5
-2.658186,9.463218,4
-0.963857,4.603866,1
0.497931,8.947089,5
0.752679,8.431564,5
-2.070865,9.161779,4
6.789307,-0.272386,2
0.492803,8.703921,5
-2.370064,9.617737,4
-1.351873,4.807337,1
0.852008,8.572557,5
6.852948,0.075999,2
-1.363081,4.905229,1
-1.047598,4.985171,1
-1.021151,4.786155,1
-2.212316,9.818941,4
-1.066237,4.784985,1
6.890716,-0.285627,2
-1.510104,4.826723,1
-2.332970,9.690225,4
-2.220814,9.616942,4
-6.882638,5.082519,3
-2.353770,9.477618,4
-6.838391,5.282401,3
-6.971178,5.168250,3
7.007652,-0.210841,2
-6.864711,5.760528,3
0.500388,8.577467,5
-2.549859,9.617149,4
6.834187,-0.467522,2
0.725496,8.565141,5
-7.280165,5.372416,3
-1.142375,4.482238,1
-7.024078,4.931020,3
6.945461,-0.420884,2
-2.668430,9.745817,4
7.106670,-0.197828,2
-2.242251,9.429093,4
-2.072625,9.521808,4
-7.244335,4.987735,3
-6.922390,5.410955,3
-2.501446,9.711391,4
6.938187,-0.425916,2
6.559247,-0.052116,2
-2.313457,9.501355,4
6.914604,-0.215951,2
-1.138288,4.546515,1
0.712735,8.650369,5
-2.055217,9.243376,4
0.745796,9.191887,5
6.904324,-0.467592,2
-1.280653,4.733522,1
-1.350515,4.486368,1
-2.301629,9.307937,4
-6.867968,5.081029,3
-1.939577,9.547250,4
6.800092,-0.207951,2
0.410085,8.761925,5
6.708213,-0.235325,2
-1.975814,9.686693,4
-6.773431,5.332853,3
-2.298000,9.639611,4
-1.162947,4.882802,1
-1.296479,4.874657,1
7.043113,-0.086284,2
0.707941,8.755469,5
6.819486,-0.610946,2
0.546349,8.585857,5
-2.428981,9.556697,4
-6.658241,5.347790,3
-1.551381,4.864483,1
-2.513242,9.338365,4
0.540814,8.426748,5
0.460301,8.621240,5
-1.368002,5.020616,1
0.716993,8.502672,5
-2.509347,9.483417,4
0.884553,8.795020,5
6.843532,-0.235146,2
7.120175,-0.572606,2
-1.462516,5.011669,1
6.954171,-0.061497,2
-6.914722,5.270532,3
0.744754,8.808916,5
-1.243994,4.750930,1
-1.047934,4.500567,1
7.283895,-0.316613,2
-2.126516,9.720533,4
-6.722756,4.806279,3
-6.984026,5.146387,3
-0.865545,4.707266,1
6.782954,-0.183966,2
-2.375996,9.545671,4
-1.859196,9.319778,4
6.902200,-0.332027,2
6.672549,-0.668687,2
1.036354,8.607329,5
-6.795595,4.977829,3
-2.084083,9.562256,4
-1.160983,4.318007,1
0.576547,8.713149,5
1.129585,8.698377,5
-6.777381,5.443440,3
-2.108666,9.231619,4
0.862409,9.152655,5
-1.058850,4.459867,1
-6.662446,4.727636,3
-6.655599,5.457336,3
0.881813,8.721277,5
0.744137,8.527118,5
7.179021,-0.226132,2
-1.241960,4.580918,1
-6.906021,5.543473,3
-2.078501,9.451576,4
-6.757496,5.490134,3
-2.248120,9.489121,4
-1.224845,4.538273,1
7.204862,-0.381849,2
0.599333,8.312408,5
0.808011,8.259728,5
-2.046835,9.473336,4
6.682385,-0.387619,2
-1.510338,4.807364,1
-2.157984,9.413099,4
6.839078,-0.364804,2
-1.963826,9.502207,4
-1.579747,4.921604,1
-1.178335,4.550765,1
-2.445721,9.485359,4
-2.453274,9.491770,4
-7.086793,5.230856,3
6.867126,-0.404525,2
-2.233830,9.175025,4
-2.558136,9.742919,4
7.290867,-0.492326,2
-1.756158,4.674898,1
0.289308,8.741609,5
0.545045,8.556192,5
-1.759823,9.286590,4
-6.840981,5.109848,3
0.812992,8.576375,5
-2.115741,9.490022,4
-2.271671,9.514028,4
0.465807,8.476419,5
6.813940,0.070627,2
-1.630465,4.432746,1
7.109005,-0.341489,2
0.715234,8.681312,5
-2.399749,9.390726,4
-6.727658,5.336795,3
-1.237563,4.861213,1
0.929178,8.994785,5
6.720830,-0.222746,2
0.646729,8.756100,5
-2.590025,9.667314,4
-2.269346,9.543725,4
-1.045416,4.579558,1
0.498263,8.815603,5
0.569405,8.603621,5
-6.903195,5.325690,3
0.755557,8.546007,5
6.625456,-0.191889,2
-6.912023,5.214109,3
-0.984972,4.611786,1
-6.715207,5.487309,3
7.281015,-0.310638,2
0.606220,8.668431,5
0.975076,8.828921,5
0.750567,8.441719,5
-1.082165,4.397796,1
-6.894704,5.145677,3
-7.061253,5.173459,3
1.001852,8.917723,5
7.121489,0.028282,2
-1.218648,5.030425,1
6.849962,-0.495378,2
0.646107,8.172940,5
7.306114,-0.203348,2
-1.429996,4.508293,1
-2.281208,9.375767,4
-2.312911,9.301342,4
-1.306834,4.391885,1
-6.878997,5.620061,3
-1.469413,4.579672,1
-6.715197,4.908703,3
0.801275,8.735927,5
6.671114,-0.232306,2
7.182559,-0.027153,2
-2.485524,9.276558,4
-1.115003,4.662915,1
6.803883,-0.400004,2
-6.925430,5.354593,3
0.463819,8.491433,5
7.265594,-0.290118,2
0.862533,8.446901,5
-2.313046,9.489195,4
6.869314,-0.063420,2
-1.528442,4.654764,1
-1.033841,4.416475,1
-2.041149,9.166819,4
6.825147,-0.553895,2
0.820344,8.128318,5
-0.933094,4.860765,1
-2.068180,9.856608,4
0.655840,8.838019,5
-0.926953,4.645770,1
-1.224251,4.649569,1
6.842809,-0.255073,2
-1.432959,4.594549,1
-7.279047,5.247461,3
-6.917242,4.890489,3
7.019882,-0.411803,2
-0.908062,4.867653,1
-6.681416,4.814473,3
-2.462333,9.743243,4
0.516930,8.401981,5
-1.999418,9.065857,4
-1.105491,4.236475,1
6.803246,-0.472047,2
-1.750044,9.736212,4
-6.822629,5.058314,3
7.242028,-0.411541,2
-2.012447,9.555046,4
6.885538,0.064953,2
6.903709,-0.270091,2
-7.122852,5.152329,3
7.138423,-0.411017,2
-7.078796,5.170336,3
-1.165485,4.903207,1
-6.537728,5.368588,3
-2.204053,9.916883,4
0.855207,8.162589,5
-6.873613,5.400448,3
-2.174841,9.810654,4
-2.475522,9.604347,4
6.868906,-0.606677,2
-2.307353,9.330002,4
-2.416447,9.627123,4
-6.632211,5.196496,3
1.038787,8.679543,5
6.949540,-0.597648,2
-2.050895,9.698047,4
6.851962,-0.493342,2
-2.550982,9.574192,4
-2.192265,9.686804,4
-7.086912,5.329870,3
-6.628314,5.308197,3
0.745227,8.694210,5
6.875727,-0.241662,2
-2.415427,9.766037,4
-1.116862,4.664876,1
6.814601,-0.151844,2
-1.950312,9.161101,4
-1.226166,4.799555,1
0.637931,8.898401,5
-1.067693,4.538672,1
-1.921759,9.639640,4
-2.481639,9.758820,4
7.200650,-0.248375,2
-1.178211,4.885248,1
-0.910504,4.806467,1
-2.422658,9.618453,4
0.630933,8.575938,5
7.014998,-0.485215,2
7.016860,-0.330341,2
6.854407,-0.528930,2
6.728408,0.013296,2
6.958846,-0.044763,2
0.418412,8.773206,5
-2.664957,9.804033,4
0.406065,8.330959,5
-2.158508,9.472900,4
-7.004046,5.334066,3
-6.806072,5.183640,3
-7.068299,5.631941,3
-6.844738,5.183019,3
-2.135240,9.397043,4
-1.388509,4.769009,1
-1.342401,4.702277,1
0.488396,8.996925,5
-7.187153,5.116218,3
6.770197,-0.147961,2
0.702614,8.960482,5
0.576334,8.508677,5
-1.493462,4.845109,1
-6.975344,5.129052,3
0.428281,9.193013,5
-1.550636,4.858324,1
-1.061338,5.049910,1
-1.222619,4.718410,1
-6.752351,5.050727,3
0.522785,9.082582,5
0.662833,8.597360,5
0.853222,9.064219,5
0.624768,8.172064,5
-2.675504,9.497954,4
-2.304294,9.503162,4
6.951950,-0.214585,2
6.816802,0.044940,2
0.864406,8.641635,5
1.202615,8.543129,5
-7.352709,4.948964,3
-2.247503,9.705064,4
-2.031952,9.590384,4
-1.043283,4.800489,1
-2.284471,9.589034,4
-7.409763,5.379369,3
6.927730,0.026018,2
0.731828,8.424846,5
-6.814151,5.185613,3
-1.137897,5.066241,1
6.872600,-0.554963,2
0.714043,8.720940,5
0.549082,8.607030,5
-1.324090,4.806441,1
-1.600594,4.966417,1
-1.408872,4.554464,1
0.449963,8.382752,5
-1.234047,4.796059,1
-6.794791,5.182155,3
-7.147534,5.051463,3
0.668758,8.663361,5
-7.278257,5.207518,3
0.880284,8.064358,5
-6.725285,5.424745,3
-2.229709,9.242829,4
0.846208,8.275072,5
6.860603,-0.351600,2
-6.942880,5.428617,3
-2.062428,9.573541,4
-2.126670,9.799370,4
0.742161,8.594438,5
-2.423634,9.489848,4
7.270792,-0.283935,2
-6.522806,5.273843,3
-6.666899,5.086837,3
6.782475,0.006600,2
0.739645,8.876171,5
-1.413871,4.412897,1
0.830856,8.667858,5
-2.297164,9.759959,4
-6.778232,5.041560,3
-2.615992,9.318460,4
-1.325203,4.502071,1
7.031478,-0.274989,2
6.939451,-0.123395,2
0.788313,8.937414,5
6.552402,-0.170196,2
0.751229,8.599879,5
-1.167521,4.667999,1
-1.992883,9.250694,4
-6.749767,4.969771,3
7.163286,-0.387142,2
-0.790277,4.844721,1
-2.281971,9.584467,4
7.077562,0.023989,2
-2.069227,9.418682,4
-1.385456,4.784224,1
-2.354827,9.386195,4
6.886769,-0.193357,2
-1.932954,9.657639,4
-6.764441,4.999627,3
-0.923476,4.592801,1
-6.557409,5.271624,3
0.703938,8.916817,5
0.680963,8.576447,5
7.095562,-0.366407,2
0.474737,8.528254,5
6.902252,-0.535132,2
-6.813237,4.981709,3
-7.083980,5.156886,3
-0.918890,4.607927,1
-1.843395,9.571411,4
-6.833022,5.357799,3
7.356658,-0.439622,2
-7.108497,5.332396,3
-2.398239,9.386396,4
-7.341042,5.068967,3
-6.749064,4.846176,3
0.240155,8.722637,5
-2.006942,9.145626,4
7.087927,-0.201569,2
0.697829,8.797956,5
-1.050477,4.451621,1
6.898253,-0.404555,2
-7.053925,5.248148,3
-2.184483,9.690418,4
7.016747,-0.271391,2
-1.257234,4.645659,1
6.967505,-0.093942,2
7.089432,0.079828,2
-1.964938,9.357189,4
0.670686,8.766118,5
0.628482,8.565033,5
-6.884158,5.251667,3
-1.490955,4.730644,1
6.990345,-0.196167,2
-1.318569,4.997360,1
6.959270,-0.332963,2
-7.027281,5.103959,3
6.856426,-0.014357,2
7.028222,-0.254756,2
-1.156371,4.944280,1
-7.133159,5.072340,3
-2.195655,9.233939,4
-2.065370,9.413776,4
0.549607,8.374052,5
1.078716,8.953977,5
1.042746,8.479116,5
7.006609,-0.268616,2
6.720936,-0.198964,2
-1.115555,4.747043,1
6.765185,-0.556566,2
6.417555,-0.470124,2
-6.843928,5.206604,3
7.292609,-0.361270,2
7.227660,-0.581199,2
0.431368,8.733793,5
-0.719194,4.835133,1
0.396973,8.594157,5
-1.299920,4.702187,1
0.966669,8.644529,5
-2.325866,9.362276,4
0.689642,8.779111,5
-1.447069,4.697566,1
6.633619,-0.535543,2
0.519785,8.795256,5
0.805482,8.990051,5
6.698464,0.029339,2
-1.257135,5.117099,1
7.166196,-0.220331,2
-1.342676,4.535572,1
-6.649225,4.763131,3
-1.257462,4.837489,1
6.975083,-0.138637,2
-6.873615,4.969509,3
1.118841,8.832946,5
-2.285888,9.429378,4
0.425492,8.655874,5
7.106789,-0.244461,2
7.014908,-0.441473,2
-1.076553,4.787833,1
7.304861,-0.408057,2
-2.399653,9.402223,4
0.464128,8.881137,5
-1.299446,4.816232,1
6.913185,-0.742861,2
-1.404543,4.386846,1
-2.342519,9.491083,4
0.979428,8.481742,5
-2.479537,9.155562,4
6.888062,-0.218808,2
0.695862,8.583966,5
6.892589,-0.393476,2
-1.082981,4.759511,1
-1.514025,4.398329,1
-2.179562,9.448906,4
-1.249686,4.708286,1
0.637226,8.596835,5
6.807276,-0.358264,2
6.993081,-0.209497,2
-1.783347,9.204426,4
-2.102995,9.440134,4
-1.696352,4.768030,1
0.784004,8.272578,5
1.030613,8.638780,5
-0.938119,4.522226,1
6.999682,-0.712386,2
-6.912200,5.273276,3
1.006808,9.031136,5
0.627911,8.564279,5
-7.006996,4.912133,3
0.803021,8.527595,5
6.838380,-0.499770,2
-2.012170,9.637972,4
-6.867413,5.136567,3
-1.138524,4.668124,1
-2.184108,9.720317,4
-1.475931,4.669724,1
-2.098244,9.546526,4
6.877599,-0.350051,2
6.838899,0.026529,2
0.830415,8.655741,5
-1.420562,4.760523,1
0.371099,8.819084,5
-2.169651,9.112490,4
7.023353,-0.209789,2
7.202461,-0.403312,2
0.880236,8.685561,5
-7.066672,5.110460,3
-2.674121,9.679193,4
-7.082277,5.044744,3
0.746314,8.865258,5
-2.071390,9.053009,4
0.862915,8.777344,5
7.021252,-0.640695,2
-7.177313,5.155116,3
-1.375507,4.850814,1
0.557041,8.626421,5
-1.186848,4.640227,1
-7.247524,4.891577,3
-6.933511,5.402677,3
-7.046026,5.169137,3
-6.468827,5.366009,3
6.868885,-0.381322,2
-2.098459,9.494863,4
0.228016,8.439957,5
-1.198792,4.488613,1
-2.052538,9.496099,4
6.809932,0.018212,2
7.081477,-0.220888,2
-2.292406,9.528776,4
-1.479498,4.750301,1
7.079676,-0.393756,2
6.971784,-0.257101,2
0.669343,8.588698,5
-1.482625,4.966524,1
-2.132890,9.328393,4
-1.299467,4.337151,1
-1.303225,4.625473,1
-6.839931,5.464621,3
-1.473902,5.070934,1
-7.125304,5.273558,3
0.404807,8.806559,5
-6.866941,5.005870,3
-1.100866,4.332740,1
-2.490491,9.494866,4
-1.383788,4.762215,1
-1.195286,4.530519,1
0.595577,8.545376,5
1.033267,8.581814,5
6.624995,-0.204296,2
-1.132633,4.652345,1
6.790384,-0.158430,2
-1.026589,4.587758,1
-6.827742,5.020418,3
-2.337629,9.580186,4
6.558183,-0.192691,2
7.016396,-0.401474,2
0.265169,8.698783,5
-1.244897,4.646280,1
-1.064181,4.697837,1
-2.068001,9.347913,4
6.877783,-0.371104,2
-1.580057,5.036753,1
-1.372838,4.557794,1
6.821280,-0.222817,2
-1.219872,4.903791,1
0.834801,8.782687,5
0.999479,8.697148,5
7.122988,-0.174175,2
-1.124873,4.628644,1
6.546153,-0.434710,2
-6.734602,5.380652,3
7.009633,-0.477957,2
-2.132035,9.639159,4
6.716440,-0.359457,2
0.710985,8.623688,5
-2.100369,9.534063,4
-6.757812,5.087368,3
-6.787404,4.951989,3
-1.458765,4.826087,1
-2.327075,9.412751,4
-2.351579,9.560747,4
-7.034395,5.157552,3
0.827856,8.617467,5
-6.595378,5.263109,3
-6.578004,5.299156,3
-6.578026,5.392088,3
-2.220289,9.638362,4
0.634516,8.712684,5
0.757424,8.622086,5
-0.929214,4.829789,1
-6.838831,5.092654,3
-6.942896,5.268934,3
6.584871,-0.134461,2
0.490224,8.646033,5
-1.188940,4.567532,1
-2.494173,9.398126,4
-2.593875,9.312335,4
0.674810,8.651575,5
7.265211,-0.419950,2
6.796978,-0.556327,2
7.137843,-0.473667,2
0.812733,8.637289,5
7.143965,-0.122118,2
0.635397,8.901471,5
0.484296,8.545778,5
-1.411693,5.042319,1
0.190976,8.662420,5
0.844901,8.565852,5
6.996458,-0.366973,2
0.744736,8.372979,5
0.784558,8.671307,5
-1.724124,9.378575,4
0.803697,8.591895,5
-1.403968,4.699008,1
-2.326641,9.390450,4
-1.613564,4.881684,1
-1.260307,4.709660,1
0.520369,8.484374,5
0.548041,8.473029,5
0.516878,8.620080,5
-1.318578,4.893692,1
6.922411,-0.232961,2
-1.091276,4.910397,1
-2.522555,9.608430,4
-2.338367,9.214881,4
-2.065092,9.304825,4
-1.127269,4.785893,1
-7.031599,5.445024,3
0.891941,9.022852,5
0.721315,8.646086,5
-2.236548,9.635237,4
-6.910431,5.148845,3
0.839528,8.375616,5
-1.344115,4.381721,1
-2.223643,9.240699,4
-6.902635,4.805223,3
-2.092781,9.615596,4
-7.124164,5.268767,3
7.017187,-0.238146,2
-0.929878,4.825480,1
-2.029661,9.705919,4
6.961394,-0.008883,2
6.885925,-0.526100,2
-1.281025,4.782316,1
-7.032254,5.519506,3
-6.956992,5.365033,3
-7.182379,5.354330,3
-6.844355,5.350765,3
-1.371961,4.948267,1
0.998873,8.160769,5
7.098312,-0.188518,2
-6.791913,5.063248,3
-6.956723,5.078282,3
0.575747,8.369083,5
6.994493,-0.549483,2
-6.933668,5.587774,3
-2.359757,9.445294,4
6.777920,-0.459850,2
-1.857489,9.669967,4
-1.062065,4.821188,1
-2.178220,9.568254,4
-1.567458,4.346948,1
-2.315193,9.427909,4
-6.902310,5.235225,3
-2.385483,9.663662,4
-2.023597,9.565612,4
-1.328820,5.060280,1
0.393658,8.582730,5
-2.179681,9.619401,4
-6.898722,5.296411,3
0.313426,8.410629,5
-2.305017,9.254800,4
6.759625,-0.495157,2
-2.220079,9.588765,4
0.287585,8.397942,5
-2.121363,9.618917,4
7.119860,0.022346,2
7.285553,-0.424232,2
0.528891,8.690032,5
6.812510,-0.120655,2
-2.316673,9.677684,4
-1.869919,9.676801,4
-6.882733,5.092879,3
0.505007,8.665364,5
-1.578347,4.651691,1
-1.354109,4.619996,1
-6.541657,5.363665,3
6.770623,-0.560661,2
-6.615562,4.966944,3
-1.399436,4.710951,1
-1.520788,4.856007,1
6.964407,0.019023,2
0.603641,8.720039,5
-2.067612,9.880447,4
-1.014400,4.731406,1
0.513948,8.831029,5
0.765329,8.575783,5
-2.351497,9.595820,4
0.524157,8.786520,5
-6.863941,5.367056,3
-2.295139,9.424480,4
6.907830,-0.209223,2
0.732455,8.933364,5
6.798912,-0.177751,2
-2.126915,9.274506,4
0.654015,8.703055,5
-2.287992,9.444691,4
-1.646198,4.951890,1
0.457669,8.548871,5
6.545763,-0.245185,2
0.918176,9.243170,5
-1.244401,4.631079,1
-6.621097,5.357611,3
6.926958,-0.156071,2
0.557972,8.432364,5
6.726899,-0.165807,2
-1.269407,4.512166,1
-6.788397,4.926538,3
-6.754961,5.115955,3
7.235962,-0.338994,2
-6.641119,5.270331,3
0.399074,9.070885,5
-1.189467,4.771798,1
-2.191136,9.683944,4
-1.169323,4.694063,1
7.018725,-0.361246,2
-2.122388,9.565189,4
-2.567783,9.505008,4
-2.508921,9.511736,4
-6.930226,5.643238,3
-7.004052,4.797423,3
0.695403,8.634066,5
-7.092351,5.172965,3
1.273325,8.810450,5
-1.016791,5.052333,1
-6.635374,5.199571,3
-2.127857,9.560693,4
-6.824111,5.363190,3
6.818701,-0.615761,2
0.578196,8.661696,5
6.999743,0.024936,2
0.522703,8.832560,5
-6.788293,5.361571,3
-6.907977,5.288194,3
-2.061397,9.345038,4
-2.234694,9.377084,4
0.907051,8.551736,5
-2.387761,9.593870,4
-2.199707,9.299520,4
-1.337658,4.427893,1
6.832110,-0.107249,2
-2.258529,9.572665,4
-2.019807,9.727444,4
-0.949497,4.518170,1
-7.228066,5.267367,3
-0.577132,4.646176,1
-2.562752,9.679733,4
-1.958964,9.349837,4
-6.865762,5.237728,3
6.914198,-0.455935,2
1.180182,8.428199,5
-1.987652,9.455778,4
6.863591,-0.132949,2
6.653954,-0.337345,2
-6.975745,5.209123,3
0.960108,8.910775,5
0.548053,8.511413,5
-2.366081,9.377460,4
-1.346355,4.722323,1
-1.522998,4.504508,1
-7.115763,5.448515,3
-2.508156,9.349475,4
0.429374,8.312020,5
-2.257003,9.687488,4
-7.306497,5.368476,3
1.099581,8.700578,5
-1.189792,4.818674,1
-1.527449,4.859402,1
-2.087873,10.181850,4
-2.080136,9.567009,4
-1.878437,9.507685,4
-0.847115,4.895077,1
7.117318,0.081321,2
-6.974639,5.068720,3
6.873452,-0.169615,2
7.045262,-0.215064,2
0.693741,8.623541,5
-6.780429,5.563275,3
0.765229,8.433276,5
0.694568,8.795774,5
-1.009655,4.678421,1
6.842452,-0.001472,2
7.020946,-0.263194,2
-7.171868,5.616688,3
-1.999180,9.694271,4
6.883800,-0.042921,2
-6.916390,5.157796,3
0.939881,8.668043,5
-2.208642,9.152464,4
0.556272,8.389295,5
-7.009847,5.485380,3
0.664156,8.658907,5
-1.015110,4.619036,1
-6.763611,5.548743,3
0.563756,8.368338,5
-2.424734,10.019597,4
-1.125670,4.968355,1
-7.118333,5.072341,3
0.846930,8.719565,5
-1.963091,9.507111,4
0.455481,8.314017,5
-2.082014,9.581363,4
6.781089,-0.651162,2
-1.881184,9.547447,4
0.866290,8.435206,5
-0.952228,4.893477,1
-1.129212,4.741368,1
6.898505,-0.238622,2
0.640586,8.972161,5
0.414268,8.869420,5
6.844636,-0.336493,2
7.052794,-0.276873,2
0.495734,8.825842,5
-2.627592,9.744276,4
-1.324837,4.544518,1
-6.878987,5.507938,3
0.908982,8.752808,5
0.503682,8.591656,5
-6.697976,5.419121,3
-1.213439,4.783955,1
6.842072,-0.640723,2
-2.241078,9.268487,4
6.592836,-0.472945,2
-1.431256,4.918694,1
-1.985136,9.925037,4
-7.166139,5.204088,3
-2.493231,9.434865,4
7.011565,-0.261157,2
0.754599,8.588317,5
-6.915631,4.911325,3
0.705540,8.453903,5
-2.008286,9.481093,4
-2.131738,9.406619,4
0.588052,8.764749,5
-7.014355,4.829723,3
-7.092246,4.959452,3
-1.434844,4.600002,1
6.792507,-0.337618,2
-1.233619,4.675904,1
0.760168,9.096854,5
0.739941,8.486541,5
-1.406482,4.634148,1
-6.647199,4.795998,3
-6.716354,5.351366,3
-2.187921,9.642056,4
6.933214,-0.525612,2
6.860427,-0.210597,2
0.786045,8.672076,5
-6.798853,5.336444,3
6.735148,-0.383901,2
7.049482,-0.344666,2
-7.182483,5.210463,3
-2.461915,9.500844,4
-2.270147,9.379933,4
7.106367,-0.424528,2
-6.687279,5.756133,3
0.852595,8.477839,5
0.520760,8.906081,5
0.467521,8.756957,5
6.858665,-0.217932,2
-2.171280,9.584230,4
-1.373425,4.867210,1
7.166656,-0.362341,2
7.106614,-0.297935,2
-6.747741,5.131697,3
-1.306989,4.776191,1
-2.058569,9.676359,4
-1.113719,4.510430,1
0.571813,8.518195,5
-1.339006,4.713840,1
-2.306494,9.401815,4
-2.284541,9.508588,4
-6.937650,5.495006,3
-1.248550,4.489846,1
-7.208546,4.911995,3
-2.378422,9.805946,4
0.764646,8.562738,5
-7.193473,5.429777,3
-1.281801,5.024548,1
-1.413795,4.811474,1
-6.743957,5.183750,3
-0.997526,4.639546,1
0.842776,8.679080,5
6.898995,-0.351444,2
-1.874700,9.549315,4
6.784019,-0.036464,2
-1.188909,4.964297,1
-6.769144,5.262693,3
-2.301418,9.432740,4
1.030879,8.622729,5
-2.247280,9.591002,4
-6.900049,5.403149,3
-1.307181,4.845828,1
-1.647782,4.782420,1
6.924414,-0.488269,2
-6.718331,5.359045,3
-1.484956,4.836963,1
-2.401777,9.614240,4
-7.003408,4.840110,3
-1.081664,4.747248,1
-1.393722,4.866214,1
-7.109152,5.275882,3
0.833187,8.774101,5
6.773416,-0.320663,2
6.824971,-0.417891,2
0.968765,8.624941,5
-7.044539,5.161830,3
-7.026058,5.028492,3
6.755888,-0.301811,2
0.715165,8.552906,5
-1.359344,4.889904,1
-0.937727,4.512776,1
6.867321,-0.203233,2
-2.079604,9.028558,4
6.878746,-0.366515,2
-1.077824,4.862199,1
-2.351419,9.414010,4
-6.675288,5.330328,3
0.895979,8.525306,5
-7.112705,5.392031,3
0.696743,8.562179,5
-2.237467,9.301699,4
-2.325006,9.719467,4
-2.199019,9.650845,4
0.635699,8.894136,5
-1.902726,9.565413,4
0.741070,8.719052,5
-7.005486,5.332946,3
-6.579526,5.235959,3
-1.190839,4.810978,1
-1.129062,4.908548,1
-2.353863,9.213741,4
6.683740,-0.005099,2
-2.361868,9.853115,4
-2.184633,9.467771,4
-7.010521,5.311077,3
-2.329279,9.769763,4
0.654554,8.579103,5
-7.315960,5.402347,3
-1.293159,4.845317,1
0.927138,8.556942,5
-0.958728,4.629005,1
-2.076883,9.492380,4
0.613026,8.538509,5
-2.114307,9.683864,4
-2.200701,9.623867,4
-7.032283,5.172782,3
0.418839,8.949174,5
6.712054,-0.193841,2
-2.139822,9.945246,4
0.591792,8.778219,5
-6.989929,5.472527,3
6.738000,-0.221689,2
-1.997911,9.275743,4
6.887681,-0.592818,2
-2.235532,9.032994,4
6.737798,-0.195291,2
-2.133267,9.473722,4
6.894522,0.031525,2
-7.029144,5.557613,3
-2.217825,9.213780,4
-1.127502,4.750770,1
-6.690369,5.218695,3
0.473538,8.565619,5
-1.059179,4.366400,1
-7.168319,5.171726,3
-2.446842,9.149809,4
-7.220117,5.155483,3
6.673283,-0.387452,2
-7.034255,5.470104,3
-6.663898,5.068962,3
-6.776286,5.452533,3
0.653333,8.310573,5
-7.040757,5.208905,3
6.905277,-0.416324,2
-1.885406,9.230011,4
0.833726,8.460314,5
-1.019275,4.838758,1
1.042526,8.282194,5
-1.847369,9.780539,4
-1.209306,4.812852,1
-2.468649,9.302637,4
0.563866,8.405396,5
6.666504,-0.376303,2
6.621045,-0.249730,2
6.846589,-0.204304,2
-6.569692,4.965831,3
6.877046,-0.415132,2
-1.066358,4.978760,1
0.451250,8.750578,5
0.645247,8.713907,5
-1.268940,4.842010,1
-0.983747,4.932371,1
0.413646,8.606123,5
-6.722181,4.891581,3
-1.451191,4.423145,1
6.910573,-0.195181,2
-1.115950,4.828188,1
6.596233,0.162682,2
-1.070428,4.415268,1
0.603540,8.821251,5
-1.213037,4.228163,1
7.129915,-0.275905,2
-6.807859,5.180426,3
-2.193972,9.748161,4
-1.045935,4.501105,1
6.969820,-0.227586,2
0.776689,8.832128,5
-7.121264,5.346764,3
6.759719,-0.549795,2
6.762973,-0.245311,2
-2.223603,9.417986,4
-2.412549,9.600103,4
7.042495,-0.039111,2
-1.217661,4.281040,1
0.549539,8.749249,5
-1.262125,4.517751,1
-1.668953,4.626868,1
-2.170481,9.681772,4
7.074499,-0.287531,2
-1.370946,4.390318,1
6.815006,-0.392581,2
-6.671241,5.527655,3
-1.492140,4.557150,1
-1.181785,4.721458,1
-6.636616,5.291978,3
-6.977136,5.278486,3
0.466676,8.877671,5
7.337064,-0.315095,2
6.577494,0.258567,2
-2.583418,9.272649,4
-1.124515,4.872480,1
-6.888144,5.499515,3
0.923639,9.063556,5
-6.725418,5.291108,3
-0.972528,4.798033,1
-1.049920,4.723872,1
0.660441,8.994337,5
7.307093,-0.367419,2
-1.373363,4.580966,1
7.256687,-0.439167,2
6.678782,-0.380201,2
0.700373,8.889723,5
-2.183129,9.285589,4
-1.952039,9.543565,4
6.839566,-0.416730,2
-1.313210,4.870751,1
6.920597,-0.598727,2
-6.972445,5.388050,3
6.964805,-0.508354,2
6.836961,-0.386943,2
-2.318335,9.637197,4
-6.975010,5.024774,3
-2.638351,9.626509,4
0.486266,8.499473,5
1.016836,8.959262,5
0.839391,8.584788,5
-0.910469,4.812545,1
6.912276,-0.189334,2
0.896472,8.499075,5
-6.917922,4.964035,3
-6.744284,4.908477,3
0.581091,8.562382,5
0.508184,8.951284,5
7.069167,-0.153946,2
6.781714,-0.453830,2
6.831836,-0.312378,2
6.861729,-0.055592,2
-6.899423,5.196963,3
7.008798,0.011915,2
